0:
- cam_R_m2c: [0.99850886, 0.05414051, -0.00695841, 0.05272401, -0.98959333, -0.13388657, -0.01413463, 0.13332016, -0.99097274]
  cam_t_m2c: [-7.81438484, 12.09605954, 637.58870343]
  obj_bb: [89, 125, 219, 146]
  obj_id: 9
1:
- cam_R_m2c: [0.99247024, 0.12242237, -0.00400616, 0.12079918, -0.98367696, -0.13336964, -0.02026813, 0.13188137, -0.99105862]
  cam_t_m2c: [-7.59172812, 12.06040455, 637.59365802]
  obj_bb: [87, 118, 225, 160]
  obj_id: 9
2:
- cam_R_m2c: [0.97261693, 0.23241066, -0.00139132, 0.23021695, -0.96422067, -0.13144774, -0.03189143, 0.12752825, -0.99132234]
  cam_t_m2c: [-7.47430398, 12.01393630, 637.58950890]
  obj_bb: [82, 108, 235, 180]
  obj_id: 9
3:
- cam_R_m2c: [0.95058336, 0.31046646, 0.00150350, 0.30797274, -0.94231322, -0.13114378, -0.03929885, 0.12512578, -0.99136185]
  cam_t_m2c: [-7.23164730, 11.91461801, 637.58210741]
  obj_bb: [78, 101, 242, 193]
  obj_id: 9
4:
- cam_R_m2c: [0.91998028, 0.39195100, 0.00328384, 0.38902059, -0.91201325, -0.12998437, -0.04795268, 0.12086078, -0.99151057]
  cam_t_m2c: [-7.14033302, 11.88350994, 637.59508321]
  obj_bb: [76, 95, 247, 206]
  obj_id: 9
5:
- cam_R_m2c: [0.89104486, 0.45388812, 0.00489314, 0.45071796, -0.88343991, -0.12801403, -0.05378140, 0.11627184, -0.99176010]
  cam_t_m2c: [-7.00666082, 11.87798148, 637.47459312]
  obj_bb: [76, 91, 248, 215]
  obj_id: 9
6:
- cam_R_m2c: [0.83789919, 0.54577782, 0.00714010, 0.54213278, -0.83064254, -0.12698557, -0.06337482, 0.11027170, -0.99187880]
  cam_t_m2c: [-6.86565037, 11.81684147, 637.49461376]
  obj_bb: [75, 85, 250, 227]
  obj_id: 9
7:
- cam_R_m2c: [0.78719697, 0.61664241, 0.00856271, 0.61265297, -0.78036485, -0.12525028, -0.07055282, 0.10384283, -0.99208786]
  cam_t_m2c: [-6.75920952, 11.80275431, 637.39348730]
  obj_bb: [75, 81, 249, 235]
  obj_id: 9
8:
- cam_R_m2c: [0.72623757, 0.68736961, 0.01005746, 0.68303475, -0.71984872, -0.12361999, -0.07773252, 0.09664678, -0.99227898]
  cam_t_m2c: [-6.68062127, 11.79386206, 637.37198390]
  obj_bb: [77, 78, 246, 241]
  obj_id: 9
9:
- cam_R_m2c: [0.69165903, 0.72213654, 0.01127068, 0.71767616, -0.68547100, -0.12276175, -0.08092511, 0.09299809, -0.99237205]
  cam_t_m2c: [-6.54047582, 11.80357633, 637.39114682]
  obj_bb: [79, 77, 243, 243]
  obj_id: 9
10:
- cam_R_m2c: [0.60077236, 0.79930883, 0.01331475, 0.79448896, -0.59513644, -0.12082586, -0.08865333, 0.08316739, -0.99258389]
  cam_t_m2c: [-6.34051809, 11.81319618, 637.39278000]
  obj_bb: [84, 75, 234, 247]
  obj_id: 9
11:
- cam_R_m2c: [0.52873999, 0.84866358, 0.01430357, 0.84362070, -0.52359221, -0.11897414, -0.09347973, 0.07497309, -0.99279423]
  cam_t_m2c: [-6.21160476, 11.83235208, 637.31777081]
  obj_bb: [88, 74, 226, 249]
  obj_id: 9
12:
- cam_R_m2c: [0.44146971, 0.89714336, 0.01539730, 0.89181140, -0.43682608, -0.11770780, -0.09887458, 0.06569583, -0.99292863]
  cam_t_m2c: [-6.07764652, 11.83857576, 637.37404508]
  obj_bb: [93, 75, 215, 247]
  obj_id: 9
13:
- cam_R_m2c: [0.37331379, 0.92756132, 0.01632383, 0.92213264, -0.36908878, -0.11595416, -0.10153002, 0.05834008, -0.99312000]
  cam_t_m2c: [-5.95211793, 11.88560176, 637.35215253]
  obj_bb: [99, 77, 204, 244]
  obj_id: 9
14:
- cam_R_m2c: [0.29102060, 0.95656636, 0.01698722, 0.95096792, -0.28728200, -0.11458574, -0.10472901, 0.04950109, -0.99326793]
  cam_t_m2c: [-5.82012459, 11.92557700, 637.36896136]
  obj_bb: [106, 79, 191, 239]
  obj_id: 9
15:
- cam_R_m2c: [0.20642765, 0.97830828, 0.01731780, 0.97259633, -0.20322331, -0.11294599, -0.10697658, 0.04015852, -0.99345049]
  cam_t_m2c: [-5.72772879, 11.97191022, 637.36374609]
  obj_bb: [113, 83, 176, 232]
  obj_id: 9
16:
- cam_R_m2c: [0.13324372, 0.99092940, 0.01745090, 0.98516838, -0.13050720, -0.11141001, -0.10812177, 0.03203674, -0.99362160]
  cam_t_m2c: [-5.66961068, 12.01837545, 637.35116096]
  obj_bb: [120, 85, 163, 226]
  obj_id: 9
17:
- cam_R_m2c: [0.03344893, 0.99927022, 0.01844737, 0.99358789, -0.03125290, -0.10865514, -0.10799989, 0.02196350, -0.99390840]
  cam_t_m2c: [-5.43915397, 12.15725871, 637.32897221]
  obj_bb: [130, 88, 142, 217]
  obj_id: 9
18:
- cam_R_m2c: [-0.05365258, 0.99841159, 0.01721489, 0.99286103, 0.05517763, -0.10574666, -0.10652786, 0.01141846, -0.99424418]
  cam_t_m2c: [-5.54995887, 12.23430656, 637.18522264]
  obj_bb: [126, 88, 147, 219]
  obj_id: 9
19:
- cam_R_m2c: [-0.14063950, 0.98989311, 0.01823319, 0.98442414, 0.14177692, -0.10395864, -0.10549324, 0.00332846, -0.99441445]
  cam_t_m2c: [-5.29729383, 12.33286822, 637.28013684]
  obj_bb: [117, 86, 165, 226]
  obj_id: 9
20:
- cam_R_m2c: [-0.22634529, 0.97389230, 0.01736670, 0.96867991, 0.22693059, -0.10080864, -0.10211780, -0.00599476, -0.99475413]
  cam_t_m2c: [-5.27911068, 12.47387644, 637.19530437]
  obj_bb: [110, 82, 180, 234]
  obj_id: 9
21:
- cam_R_m2c: [-0.31044467, 0.95043148, 0.01746186, 0.94536495, 0.31060957, -0.09903025, -0.09954540, -0.01423563, -0.99493105]
  cam_t_m2c: [-5.11719081, 12.53891492, 637.19240812]
  obj_bb: [103, 79, 194, 240]
  obj_id: 9
22:
- cam_R_m2c: [-0.38053622, 0.92461832, 0.01654878, 0.91982929, 0.38029051, -0.09639792, -0.09542453, -0.02146087, -0.99520513]
  cam_t_m2c: [-5.10845364, 12.67200115, 637.15618902]
  obj_bb: [97, 77, 206, 245]
  obj_id: 9
23:
- cam_R_m2c: [-0.47097700, 0.88201146, 0.01536231, 0.87759715, 0.47024465, -0.09323418, -0.08945799, -0.03042946, -0.99552570]
  cam_t_m2c: [-5.04350549, 12.83292469, 637.04875779]
  obj_bb: [90, 76, 218, 248]
  obj_id: 9
24:
- cam_R_m2c: [-0.54642358, 0.83738780, 0.01424461, 0.83324185, 0.54527555, -0.09155856, -0.08443685, -0.03816033, -0.99569740]
  cam_t_m2c: [-4.99094578, 12.94235204, 637.05803894]
  obj_bb: [85, 75, 228, 249]
  obj_id: 9
25:
- cam_R_m2c: [-0.61752599, 0.78644887, 0.01265831, 0.78263416, 0.61597594, -0.08975538, -0.07838552, -0.04551978, -0.99588384]
  cam_t_m2c: [-4.98782311, 13.05894765, 637.01103407]
  obj_bb: [81, 75, 237, 248]
  obj_id: 9
26:
- cam_R_m2c: [-0.68387283, 0.72951446, 0.01125068, 0.72607410, 0.68200179, -0.08769074, -0.07164487, -0.05180084, -0.99608438]
  cam_t_m2c: [-4.95400910, 13.20941027, 637.00074577]
  obj_bb: [78, 77, 243, 245]
  obj_id: 9
27:
- cam_R_m2c: [-0.74504031, 0.66694732, 0.00979560, 0.66384086, 0.74284202, -0.08661257, -0.06504250, -0.05802695, -0.99619439]
  cam_t_m2c: [-4.91975486, 13.31631344, 637.00054512]
  obj_bb: [76, 79, 247, 241]
  obj_id: 9
28:
- cam_R_m2c: [-0.80042894, 0.59937411, 0.00801771, 0.59666057, 0.79794532, -0.08532022, -0.05753639, -0.06350876, -0.99632134]
  cam_t_m2c: [-4.92547767, 13.47022358, 637.04048997]
  obj_bb: [75, 83, 249, 234]
  obj_id: 9
29:
- cam_R_m2c: [-0.84978826, 0.52708880, 0.00604483, 0.52477254, 0.84702500, -0.08462858, -0.04972670, -0.06874394, -0.99639396]
  cam_t_m2c: [-4.93584062, 13.58307275, 637.05045672]
  obj_bb: [75, 86, 250, 226]
  obj_id: 9
30:
- cam_R_m2c: [-0.89258492, 0.45086066, 0.00401639, 0.44896528, 0.88958078, -0.08411896, -0.04149881, -0.07327992, -0.99644745]
  cam_t_m2c: [-4.96291946, 13.69831649, 637.11482632]
  obj_bb: [75, 91, 249, 216]
  obj_id: 9
31:
- cam_R_m2c: [-0.92861196, 0.37104661, 0.00223949, 0.36957144, 0.92542587, -0.08369137, -0.03312589, -0.07688909, -0.99648875]
  cam_t_m2c: [-4.96827143, 13.83772634, 637.15672918]
  obj_bb: [77, 97, 245, 204]
  obj_id: 9
32:
- cam_R_m2c: [-0.95747316, 0.28852231, 0.00006945, 0.28750583, 0.95412066, -0.08363483, -0.02419679, -0.08005822, -0.99649678]
  cam_t_m2c: [-5.01997156, 13.94418825, 637.20213835]
  obj_bb: [80, 104, 240, 190]
  obj_id: 9
33:
- cam_R_m2c: [-0.97779409, 0.20956071, -0.00194249, 0.20898733, 0.97434253, -0.08355467, -0.01561709, -0.08210507, -0.99650128]
  cam_t_m2c: [-5.07555553, 14.06591347, 637.20717104]
  obj_bb: [83, 111, 233, 176]
  obj_id: 9
34:
- cam_R_m2c: [-0.99374310, 0.11159713, -0.00445608, 0.11157966, 0.99027124, -0.08313812, -0.00486527, -0.08311600, -0.99652766]
  cam_t_m2c: [-5.18007866, 14.19312755, 637.20522342]
  obj_bb: [89, 119, 223, 158]
  obj_id: 9
35:
- cam_R_m2c: [-0.99952546, 0.03024422, -0.00584237, 0.03062628, 0.99604916, -0.08335499, 0.00329827, -0.08349459, -0.99650329]
  cam_t_m2c: [-5.17045004, 14.33317909, 637.24442021]
  obj_bb: [91, 128, 218, 141]
  obj_id: 9
36:
- cam_R_m2c: [-0.99866665, -0.05090625, -0.00857906, -0.05001351, 0.99524321, -0.08360633, 0.01279429, -0.08306569, -0.99646238]
  cam_t_m2c: [-5.34735165, 14.41540642, 637.29083299]
  obj_bb: [90, 126, 218, 146]
  obj_id: 9
37:
- cam_R_m2c: [-0.99040736, -0.13786841, -0.00928266, -0.13661597, 0.98706226, -0.08392699, 0.02073342, -0.08185388, -0.99642828]
  cam_t_m2c: [-5.27301218, 14.53409963, 637.31941544]
  obj_bb: [86, 118, 227, 163]
  obj_id: 9
38:
- cam_R_m2c: [-0.97461306, -0.22358475, -0.01178726, -0.22185821, 0.97149075, -0.08357448, 0.03013735, -0.07883764, -0.99643164]
  cam_t_m2c: [-5.45060316, 14.66128907, 637.29865883]
  obj_bb: [82, 110, 235, 179]
  obj_id: 9
39:
- cam_R_m2c: [-0.95519929, -0.29567558, -0.01302175, -0.29361190, 0.95223075, -0.08395892, 0.03722422, -0.07637414, -0.99638438]
  cam_t_m2c: [-5.48773680, 14.72483175, 637.27147606]
  obj_bb: [79, 104, 240, 191]
  obj_id: 9
40:
- cam_R_m2c: [-0.91838095, -0.39539384, -0.01549049, -0.39284226, 0.91574980, -0.08412246, 0.04744690, -0.07117131, -0.99633486]
  cam_t_m2c: [-5.64426365, 14.83878734, 637.22200654]
  obj_bb: [76, 95, 246, 208]
  obj_id: 9
41:
- cam_R_m2c: [-0.88040170, -0.47389868, -0.01770026, -0.47094957, 0.87808451, -0.08470279, 0.05568296, -0.06623654, -0.99624944]
  cam_t_m2c: [-5.81426759, 14.90841191, 637.19089946]
  obj_bb: [75, 90, 249, 218]
  obj_id: 9
42:
- cam_R_m2c: [-0.83567795, -0.54887089, -0.01958423, -0.54555305, 0.83368402, -0.08569614, 0.06336316, -0.06093010, -0.99612902]
  cam_t_m2c: [-5.95965045, 14.95041964, 637.12755900]
  obj_bb: [75, 85, 249, 228]
  obj_id: 9
43:
- cam_R_m2c: [-0.78465020, -0.61957317, -0.02128986, -0.61593567, 0.78302012, -0.08661933, 0.07033709, -0.05485237, -0.99601409]
  cam_t_m2c: [-6.08404443, 14.98543575, 637.11019485]
  obj_bb: [75, 82, 249, 235]
  obj_id: 9
44:
- cam_R_m2c: [-0.72777362, -0.68542438, -0.02323317, -0.68152466, 0.72658739, -0.08714355, 0.07661103, -0.04758663, -0.99592476]
  cam_t_m2c: [-6.26851248, 15.02476594, 637.00966897]
  obj_bb: [76, 79, 246, 242]
  obj_id: 9
45:
- cam_R_m2c: [-0.66514920, -0.74629773, -0.02482621, -0.74210021, 0.66436585, -0.08891601, 0.08285115, -0.04071851, -0.99572979]
  cam_t_m2c: [-6.43690012, 15.02266678, 637.02813036]
  obj_bb: [79, 76, 241, 247]
  obj_id: 9
46:
- cam_R_m2c: [-0.59767577, -0.80130629, -0.02631539, -0.79691456, 0.59735474, -0.08996321, 0.08780773, -0.03279782, -0.99559770]
  cam_t_m2c: [-6.58679076, 15.06171383, 636.98318279]
  obj_bb: [83, 75, 234, 249]
  obj_id: 9
47:
- cam_R_m2c: [-0.54728294, -0.83649576, -0.02751748, -0.83189829, 0.54729293, -0.09173310, 0.09179414, -0.02731205, -0.99540387]
  cam_t_m2c: [-6.70483599, 14.98886895, 637.02544973]
  obj_bb: [85, 75, 229, 249]
  obj_id: 9
48:
- cam_R_m2c: [-0.44966071, -0.89272580, -0.02908559, -0.88790425, 0.45029879, -0.09410895, 0.09711024, -0.01649175, -0.99513701]
  cam_t_m2c: [-6.92429799, 14.98422932, 637.04750648]
  obj_bb: [91, 75, 216, 248]
  obj_id: 9
49:
- cam_R_m2c: [-0.36433250, -0.93078037, -0.03014772, -0.92582798, 0.36550837, -0.09615554, 0.10051872, -0.00712102, -0.99490923]
  cam_t_m2c: [-7.07227533, 14.94461909, 637.02794428]
  obj_bb: [99, 77, 202, 244]
  obj_id: 9
50:
- cam_R_m2c: [-0.28820633, -0.95706646, -0.03099029, -0.95201313, 0.28986555, -0.09823109, 0.10299630, 0.00119237, -0.99468070]
  cam_t_m2c: [-7.19371289, 14.89113620, 637.04531550]
  obj_bb: [105, 79, 190, 240]
  obj_id: 9
51:
- cam_R_m2c: [-0.20385737, -0.97848184, -0.03187679, -0.97333700, 0.20606769, -0.10075245, 0.10515330, 0.01048767, -0.99440030]
  cam_t_m2c: [-7.35552603, 14.80551091, 637.05371767]
  obj_bb: [112, 82, 175, 233]
  obj_id: 9
52:
- cam_R_m2c: [-0.11813220, -0.99246340, -0.03257160, -0.98733247, 0.12089374, -0.10275900, 0.10592217, 0.02001988, -0.99417309]
  cam_t_m2c: [-7.53439414, 14.70979753, 637.02202866]
  obj_bb: [120, 85, 160, 225]
  obj_id: 9
53:
- cam_R_m2c: [-0.03140225, -0.99898204, -0.03240032, -0.99384743, 0.03465282, -0.10520104, 0.10621674, 0.02889741, -0.99392279]
  cam_t_m2c: [-7.58930778, 14.65974190, 637.06839792]
  obj_bb: [129, 89, 142, 217]
  obj_id: 9
54:
- cam_R_m2c: [0.05545193, -0.99789722, -0.03354570, -0.99290712, -0.05157324, -0.10712892, 0.10517340, 0.03924823, -0.99367932]
  cam_t_m2c: [-7.88274354, 14.54979855, 637.04474982]
  obj_bb: [124, 88, 148, 219]
  obj_id: 9
55:
- cam_R_m2c: [0.14217229, -0.98931391, -0.03231556, -0.98436296, -0.13787892, -0.10963356, 0.10400627, 0.04739705, -0.99344642]
  cam_t_m2c: [-7.82821049, 14.43137311, 637.08900725]
  obj_bb: [116, 85, 164, 227]
  obj_id: 9
56:
- cam_R_m2c: [0.22763979, -0.97319830, -0.03262687, -0.96854694, -0.22283980, -0.11072384, 0.10048604, 0.05680581, -0.99331551]
  cam_t_m2c: [-8.01565492, 14.36003977, 637.04410829]
  obj_bb: [108, 82, 180, 234]
  obj_id: 9
57:
- cam_R_m2c: [0.31148744, -0.94973255, -0.03135144, -0.94516064, -0.30624025, -0.11352632, 0.09821843, 0.06499414, -0.99304007]
  cam_t_m2c: [-7.99132378, 14.17959887, 637.06910416]
  obj_bb: [101, 79, 194, 240]
  obj_id: 9
58:
- cam_R_m2c: [0.39300146, -0.91901441, -0.03103060, -0.91473739, -0.38728341, -0.11518393, 0.09383793, 0.07365221, -0.99285940]
  cam_t_m2c: [-8.10746944, 14.07321150, 637.06512159]
  obj_bb: [95, 76, 207, 245]
  obj_id: 9
59:
- cam_R_m2c: [0.47146399, -0.88136650, -0.03024112, -0.87740787, -0.46534389, -0.11666257, 0.08874975, 0.08153585, -0.99271069]
  cam_t_m2c: [-8.17345901, 13.93498243, 637.00429372]
  obj_bb: [89, 75, 219, 248]
  obj_id: 9
60:
- cam_R_m2c: [0.54651721, -0.83693618, -0.02928216, -0.83326033, -0.53995842, -0.11883536, 0.08364633, 0.08934513, -0.99248189]
  cam_t_m2c: [-8.21737909, 13.76875674, 637.00101424]
  obj_bb: [84, 75, 229, 248]
  obj_id: 9
61:
- cam_R_m2c: [0.61736005, -0.78617589, -0.02818139, -0.78283383, -0.61040948, -0.12070796, 0.07769538, 0.09658170, -0.99228770]
  cam_t_m2c: [-8.26904367, 13.62783631, 637.01709291]
  obj_bb: [81, 75, 236, 247]
  obj_id: 9
62:
- cam_R_m2c: [0.68352259, -0.72943749, -0.02679912, -0.72644266, -0.67621377, -0.12254164, 0.07126485, 0.10322829, -0.99210174]
  cam_t_m2c: [-8.28487251, 13.45730530, 636.99028126]
  obj_bb: [78, 76, 242, 245]
  obj_id: 9
63:
- cam_R_m2c: [0.74453815, -0.66710419, -0.02517491, -0.66446103, -0.73689211, -0.12442273, 0.06445167, 0.10936509, -0.99190994]
  cam_t_m2c: [-8.26715053, 13.29412243, 637.03711837]
  obj_bb: [76, 79, 247, 240]
  obj_id: 9
64:
- cam_R_m2c: [0.79989695, -0.59967173, -0.02364802, -0.59743140, -0.79193278, -0.12617053, 0.05693318, 0.11505139, -0.99172661]
  cam_t_m2c: [-8.28228605, 13.16842742, 637.09129189]
  obj_bb: [75, 82, 249, 233]
  obj_id: 9
65:
- cam_R_m2c: [0.84601640, -0.53269760, -0.02213679, -0.53084230, -0.83775107, -0.12798378, 0.04963141, 0.12002733, -0.99152897]
  cam_t_m2c: [-8.28416692, 12.99802725, 637.14998419]
  obj_bb: [75, 85, 249, 226]
  obj_id: 9
66:
- cam_R_m2c: [0.89199368, -0.45160066, -0.02011680, -0.45020652, -0.88346759, -0.12961471, 0.04076127, 0.12467173, -0.99136031]
  cam_t_m2c: [-8.24767287, 12.83279886, 637.24671273]
  obj_bb: [76, 91, 248, 215]
  obj_id: 9
67:
- cam_R_m2c: [0.92806669, -0.37199399, -0.01766352, -0.37099643, -0.91936417, -0.13088786, 0.03245020, 0.12802538, -0.99123969]
  cam_t_m2c: [-8.14341343, 12.66531810, 637.30108396]
  obj_bb: [78, 97, 245, 203]
  obj_id: 9
68:
- cam_R_m2c: [0.95700434, -0.28964378, -0.01577293, -0.28914020, -0.94815572, -0.13190316, 0.02324972, 0.13079251, -0.99113703]
  cam_t_m2c: [-8.10470829, 12.54160546, 637.38335577]
  obj_bb: [80, 103, 240, 190]
  obj_id: 9
69:
- cam_R_m2c: [0.97743242, -0.21080860, -0.01359601, -0.21072499, -0.96848068, -0.13281826, 0.01483179, 0.13268548, -0.99104761]
  cam_t_m2c: [-7.99085713, 12.40687298, 637.43988443]
  obj_bb: [84, 109, 233, 177]
  obj_id: 9
70:
- cam_R_m2c: [0.99282557, -0.11905135, -0.01115431, -0.11947237, -0.98385813, -0.13322456, 0.00488629, 0.13360146, -0.99102308]
  cam_t_m2c: [-7.90604767, 12.28819656, 637.48344094]
  obj_bb: [88, 118, 224, 159]
  obj_id: 9
71:
- cam_R_m2c: [0.99944686, -0.03215323, -0.00846073, -0.03299546, -0.99049934, -0.13349899, -0.00408793, 0.13370398, -0.99101330]
  cam_t_m2c: [-7.73755452, 12.19723199, 637.53823236]
  obj_bb: [91, 127, 217, 142]
  obj_id: 9
72:
- cam_R_m2c: [0.99981702, 0.01708442, -0.00857267, 0.01361962, -0.95141007, -0.30762387, -0.01341167, 0.30745170, -0.95146899]
  cam_t_m2c: [-9.35351549, 4.42555183, 637.48853048]
  obj_bb: [90, 127, 217, 135]
  obj_id: 9
73:
- cam_R_m2c: [0.99457636, 0.10378874, -0.00671084, 0.09669599, -0.94651321, -0.30783473, -0.03830171, 0.30551653, -0.95141625]
  cam_t_m2c: [-9.30168371, 4.29362512, 637.61631534]
  obj_bb: [87, 119, 223, 151]
  obj_id: 9
74:
- cam_R_m2c: [0.98183036, 0.18971513, -0.00415641, 0.17930608, -0.93468465, -0.30694257, -0.06211665, 0.30062090, -0.95171861]
  cam_t_m2c: [-9.17278087, 4.24190065, 637.62838729]
  obj_bb: [83, 112, 232, 166]
  obj_id: 9
75:
- cam_R_m2c: [0.96163961, 0.27430904, -0.00204668, 0.26052474, -0.91560072, -0.30626997, -0.08588661, 0.29398795, -0.95194243]
  cam_t_m2c: [-9.05759795, 4.15546084, 637.67784261]
  obj_bb: [79, 105, 239, 180]
  obj_id: 9
76:
- cam_R_m2c: [0.93417888, 0.35680411, -0.00002732, 0.33985210, -0.88981831, -0.30450580, -0.10867288, 0.28445349, -0.95251076]
  cam_t_m2c: [-8.93823408, 4.11772315, 637.65303202]
  obj_bb: [77, 98, 244, 194]
  obj_id: 9
77:
- cam_R_m2c: [0.89956494, 0.43678079, 0.00233797, 0.41673356, -0.85664844, -0.30411564, -0.13082927, 0.27454667, -0.95263197]
  cam_t_m2c: [-8.76871783, 4.04998204, 637.68531624]
  obj_bb: [75, 93, 248, 205]
  obj_id: 9
78:
- cam_R_m2c: [0.85815101, 0.51338265, 0.00383375, 0.49033586, -0.81736919, -0.30245164, -0.15213969, 0.26142957, -0.95315673]
  cam_t_m2c: [-8.69091943, 3.99446614, 637.60603605]
  obj_bb: [75, 89, 250, 215]
  obj_id: 9
79:
- cam_R_m2c: [0.81015306, 0.58618956, 0.00582921, 0.56046239, -0.77160425, -0.30084632, -0.17185458, 0.24699819, -0.95365460]
  cam_t_m2c: [-8.51317218, 3.99090628, 637.54756716]
  obj_bb: [75, 85, 249, 224]
  obj_id: 9
80:
- cam_R_m2c: [0.75601792, 0.65451058, 0.00727696, 0.62620580, -0.71999865, -0.29911309, -0.19053307, 0.23069211, -0.95419003]
  cam_t_m2c: [-8.40187722, 3.98347192, 637.49822575]
  obj_bb: [77, 82, 247, 230]
  obj_id: 9
81:
- cam_R_m2c: [0.69600178, 0.71798936, 0.00853811, 0.68724594, -0.66266082, -0.29761176, -0.20802445, 0.21300586, -0.95464910]
  cam_t_m2c: [-8.29357543, 3.98765689, 637.44234893]
  obj_bb: [79, 79, 243, 236]
  obj_id: 9
82:
- cam_R_m2c: [0.63076715, 0.77590270, 0.01036515, 0.74318141, -0.60021711, -0.29566931, -0.22318901, 0.19420178, -0.95523453]
  cam_t_m2c: [-8.09225390, 3.98564591, 637.40529253]
  obj_bb: [83, 78, 237, 239]
  obj_id: 9
83:
- cam_R_m2c: [0.56069449, 0.82794165, 0.01161765, 0.79314774, -0.53299693, -0.29467044, -0.23777708, 0.17443473, -0.95552833]
  cam_t_m2c: [-7.97208852, 3.99903452, 637.41047769]
  obj_bb: [86, 77, 230, 241]
  obj_id: 9
84:
- cam_R_m2c: [0.48636373, 0.87366563, 0.01258124, 0.83719467, -0.46184129, -0.29292961, -0.25011258, 0.15300367, -0.95605079]
  cam_t_m2c: [-7.86504787, 4.00327308, 637.39444373]
  obj_bb: [91, 78, 221, 239]
  obj_id: 9
85:
- cam_R_m2c: [0.40805288, 0.91285592, 0.01367832, 0.87489963, -0.38671810, -0.29154617, -0.26085042, 0.13093331, -0.95645867]
  cam_t_m2c: [-7.69370578, 4.06069816, 637.33796095]
  obj_bb: [97, 78, 209, 237]
  obj_id: 9
86:
- cam_R_m2c: [0.32670523, 0.94501538, 0.01449537, 0.90589141, -0.30873314, -0.28990366, -0.26948730, 0.10784426, -0.95694620]
  cam_t_m2c: [-7.58496720, 4.09801784, 637.37102141]
  obj_bb: [104, 79, 196, 234]
  obj_id: 9
87:
- cam_R_m2c: [0.24287267, 0.96993662, 0.01534263, 0.92987833, -0.22827882, -0.28847140, -0.27629638, 0.08432851, -0.95736571]
  cam_t_m2c: [-7.45051834, 4.14285366, 637.33830767]
  obj_bb: [112, 79, 182, 231]
  obj_id: 9
88:
- cam_R_m2c: [0.15702975, 0.98745496, 0.01655490, 0.94654825, -0.14570013, -0.28777945, -0.28175776, 0.06085997, -0.95755352]
  cam_t_m2c: [-7.23281129, 4.21479046, 637.34993465]
  obj_bb: [119, 81, 166, 229]
  obj_id: 9
89:
- cam_R_m2c: [0.07010015, 0.99740876, 0.01616960, 0.95674637, -0.06263657, -0.28410083, -0.28235166, 0.03538571, -0.95865837]
  cam_t_m2c: [-7.22071143, 4.29911189, 637.23755352]
  obj_bb: [127, 83, 150, 225]
  obj_id: 9
90:
- cam_R_m2c: [-0.01747479, 0.99971159, 0.01645004, 0.95912823, 0.02140829, -0.28216055, -0.28243158, 0.01084703, -0.95922577]
  cam_t_m2c: [-7.08606614, 4.39324550, 637.20192278]
  obj_bb: [128, 84, 140, 223]
  obj_id: 9
91:
- cam_R_m2c: [-0.10455212, 0.99438727, 0.01621829, 0.95426271, 0.10489943, -0.27996236, -0.28009153, -0.01379408, -0.95987400]
  cam_t_m2c: [-7.02938567, 4.47046582, 637.19686976]
  obj_bb: [119, 82, 158, 227]
  obj_id: 9
92:
- cam_R_m2c: [-0.19099436, 0.98146211, 0.01589031, 0.94195484, 0.18781149, -0.27829411, -0.27611958, -0.03818449, -0.96036435]
  cam_t_m2c: [-6.94709096, 4.55893887, 637.22590807]
  obj_bb: [111, 81, 174, 229]
  obj_id: 9
93:
- cam_R_m2c: [-0.27574102, 0.96110847, 0.01542618, 0.92275050, 0.26916347, -0.27582927, -0.26925413, -0.06182290, -0.96108342]
  cam_t_m2c: [-6.88526597, 4.66478252, 637.14960649]
  obj_bb: [104, 80, 189, 233]
  obj_id: 9
94:
- cam_R_m2c: [-0.35862414, 0.93336527, 0.01477116, 0.89659388, 0.34881282, -0.27285464, -0.25982506, -0.08460829, -0.96194138]
  cam_t_m2c: [-6.78167787, 4.78098375, 637.10313743]
  obj_bb: [96, 78, 203, 237]
  obj_id: 9
95:
- cam_R_m2c: [-0.43898109, 0.89838904, 0.01386021, 0.86321348, 0.42597307, -0.27094322, -0.24931653, -0.10697465, -0.96249577]
  cam_t_m2c: [-6.72553533, 4.90470396, 637.03391597]
  obj_bb: [91, 77, 214, 240]
  obj_id: 9
96:
- cam_R_m2c: [-0.51568118, 0.85668423, 0.01286921, 0.82333419, 0.49964985, -0.26920507, -0.23705364, -0.12822869, -0.96299682]
  cam_t_m2c: [-6.69181237, 4.98451590, 637.02239730]
  obj_bb: [86, 76, 225, 242]
  obj_id: 9
97:
- cam_R_m2c: [-0.58857039, 0.80836141, 0.01167709, 0.77732047, 0.56982025, -0.26660559, -0.22216706, -0.14783901, -0.96373514]
  cam_t_m2c: [-6.63003816, 5.14917658, 636.88745278]
  obj_bb: [82, 77, 233, 242]
  obj_id: 9
98:
- cam_R_m2c: [-0.65687311, 0.75392932, 0.01044418, 0.72526401, 0.63556464, -0.26466942, -0.20617960, -0.16627929, -0.96428227]
  cam_t_m2c: [-6.56126130, 5.29187798, 636.85799546]
  obj_bb: [79, 77, 240, 240]
  obj_id: 9
99:
- cam_R_m2c: [-0.72036875, 0.69353734, 0.00865901, 0.66745860, 0.69656816, -0.26323287, -0.18859268, -0.18384485, -0.96469318]
  cam_t_m2c: [-6.54691967, 5.41673818, 636.84971172]
  obj_bb: [76, 79, 246, 236]
  obj_id: 9
100:
- cam_R_m2c: [-0.77817524, 0.62800594, 0.00714427, 0.60466760, 0.75223438, -0.26176573, -0.16976444, -0.19937978, -0.96510552]
  cam_t_m2c: [-6.51677726, 5.55977200, 636.80361962]
  obj_bb: [75, 82, 249, 230]
  obj_id: 9
101:
- cam_R_m2c: [-0.83007616, 0.55762279, 0.00556840, 0.53714711, 0.80219987, -0.26066877, -0.14982151, -0.21338316, -0.96541225]
  cam_t_m2c: [-6.50518975, 5.68915227, 636.77764826]
  obj_bb: [75, 86, 250, 223]
  obj_id: 9
102:
- cam_R_m2c: [-0.87559722, 0.48302989, 0.00344965, 0.46560920, 0.84587718, -0.26019275, -0.12859869, -0.22621837, -0.96554993]
  cam_t_m2c: [-6.54929002, 5.80479087, 636.83438581]
  obj_bb: [75, 90, 250, 214]
  obj_id: 9
103:
- cam_R_m2c: [-0.91446312, 0.40466726, 0.00134310, 0.39045456, 0.88320652, -0.25979226, -0.10631534, -0.23704620, -0.96566354]
  cam_t_m2c: [-6.57039974, 5.96717549, 636.78217223]
  obj_bb: [77, 94, 247, 204]
  obj_id: 9
104:
- cam_R_m2c: [-0.94628285, 0.32334066, -0.00067570, 0.31244124, 0.91384278, -0.25936864, -0.08324700, -0.24564730, -0.96577824]
  cam_t_m2c: [-6.62008565, 6.11372293, 636.83552789]
  obj_bb: [79, 101, 243, 191]
  obj_id: 9
105:
- cam_R_m2c: [-0.97379398, 0.22741894, -0.00257469, 0.22031851, 0.94045862, -0.25883675, -0.05644303, -0.25262155, -0.96591807]
  cam_t_m2c: [-6.63779251, 6.25104249, 636.76013421]
  obj_bb: [83, 108, 235, 176]
  obj_id: 9
106:
- cam_R_m2c: [-0.98992613, 0.14151720, -0.00439481, 0.13777715, 0.95568343, -0.26016702, -0.03261797, -0.25815143, -0.96555356]
  cam_t_m2c: [-6.66574573, 6.34944988, 636.89395317]
  obj_bb: [88, 116, 226, 160]
  obj_id: 9
107:
- cam_R_m2c: [-0.99770109, 0.06741233, -0.00686444, 0.06688645, 0.96353594, -0.25908674, -0.01085153, -0.25894969, -0.96582949]
  cam_t_m2c: [-6.81424967, 6.48182545, 636.81518163]
  obj_bb: [90, 122, 220, 146]
  obj_id: 9
108:
- cam_R_m2c: [-0.99976386, -0.01984988, -0.00885862, -0.01687631, 0.96567443, -0.25920654, 0.01369982, -0.25899588, -0.96578090]
  cam_t_m2c: [-6.88408139, 6.58181498, 636.74632321]
  obj_bb: [89, 127, 217, 136]
  obj_id: 9
109:
- cam_R_m2c: [-0.99423358, -0.10663843, -0.01128693, -0.10005704, 0.96039709, -0.26004895, 0.03857117, -0.25741996, -0.96552993]
  cam_t_m2c: [-7.02168571, 6.67369243, 636.84209464]
  obj_bb: [86, 119, 224, 153]
  obj_id: 9
110:
- cam_R_m2c: [-0.97989245, -0.19908680, -0.01322601, -0.18883035, 0.94673621, -0.26083121, 0.06444970, -0.25308883, -0.96529331]
  cam_t_m2c: [-7.12882248, 6.75013204, 636.87960690]
  obj_bb: [82, 111, 233, 170]
  obj_id: 9
111:
- cam_R_m2c: [-0.96062202, -0.27745281, -0.01501307, -0.26411247, 0.92855104, -0.26084078, 0.08631122, -0.24660344, -0.96526555]
  cam_t_m2c: [-7.22524873, 6.85029959, 636.80700450]
  obj_bb: [79, 105, 239, 183]
  obj_id: 9
112:
- cam_R_m2c: [-0.93278363, -0.36002638, -0.01719436, -0.34345015, 0.90228447, -0.26062294, 0.10934530, -0.23719943, -0.96528695]
  cam_t_m2c: [-7.37074407, 6.93121970, 636.76615928]
  obj_bb: [76, 99, 245, 196]
  obj_id: 9
113:
- cam_R_m2c: [-0.89783622, -0.43992422, -0.01890621, -0.42021252, 0.86885576, -0.26174718, 0.13157573, -0.22706149, -0.96495165]
  cam_t_m2c: [-7.48176264, 6.97982141, 636.77019979]
  obj_bb: [74, 93, 249, 208]
  obj_id: 9
114:
- cam_R_m2c: [-0.85609056, -0.51639584, -0.02106255, -0.49371810, 0.82918572, -0.26209400, 0.15280935, -0.21397697, -0.96481284]
  cam_t_m2c: [-7.64566306, 7.01040898, 636.67474511]
  obj_bb: [75, 87, 249, 218]
  obj_id: 9
115:
- cam_R_m2c: [-0.80774955, -0.58908655, -0.02275902, -0.56375902, 0.78315589, -0.26237984, 0.17238830, -0.19910561, -0.96469652]
  cam_t_m2c: [-7.76740403, 7.09417805, 636.55623558]
  obj_bb: [75, 84, 249, 226]
  obj_id: 9
116:
- cam_R_m2c: [-0.75337582, -0.65713560, -0.02442776, -0.62931566, 0.73126120, -0.26309637, 0.19075304, -0.18283746, -0.96446004]
  cam_t_m2c: [-7.90042769, 7.12329054, 636.51076300]
  obj_bb: [76, 80, 247, 234]
  obj_id: 9
117:
- cam_R_m2c: [-0.69315563, -0.72029786, -0.02655319, -0.69013002, 0.67385303, -0.26389941, 0.20797855, -0.16459851, -0.96418445]
  cam_t_m2c: [-8.10227389, 7.16756090, 636.44136249]
  obj_bb: [78, 78, 243, 238]
  obj_id: 9
118:
- cam_R_m2c: [-0.62782893, -0.77785821, -0.02769462, -0.74574261, 0.61133665, -0.26483156, 0.22293147, -0.14561540, -0.96389734]
  cam_t_m2c: [-8.21210927, 7.14927679, 636.40687283]
  obj_bb: [82, 77, 237, 241]
  obj_id: 9
119:
- cam_R_m2c: [-0.55766023, -0.82955990, -0.02907300, -0.79556833, 0.54414601, -0.26641492, 0.23682698, -0.12543903, -0.96342045]
  cam_t_m2c: [-8.36949085, 7.15433473, 636.40241602]
  obj_bb: [86, 76, 229, 243]
  obj_id: 9
120:
- cam_R_m2c: [-0.48334895, -0.87489716, -0.03048497, -0.83930950, 0.47302512, -0.26796691, 0.24886383, -0.10393530, -0.96294597]
  cam_t_m2c: [-8.55033862, 7.12938078, 636.42903908]
  obj_bb: [90, 76, 220, 242]
  obj_id: 9
121:
- cam_R_m2c: [-0.40514948, -0.91370277, -0.03163973, -0.87670228, 0.39809345, -0.27002772, 0.25931994, -0.08166269, -0.96233259]
  cam_t_m2c: [-8.68654641, 7.09690259, 636.37761971]
  obj_bb: [96, 77, 209, 240]
  obj_id: 9
122:
- cam_R_m2c: [-0.32404126, -0.94547718, -0.03272376, -0.90752184, 0.32043046, -0.27153083, 0.26721130, -0.05828950, -0.96187330]
  cam_t_m2c: [-8.86090163, 7.06043617, 636.39518211]
  obj_bb: [103, 79, 196, 236]
  obj_id: 9
123:
- cam_R_m2c: [-0.24037816, -0.97010905, -0.03325544, -0.93127547, 0.24014737, -0.27396105, 0.27375840, -0.03488422, -0.96116546]
  cam_t_m2c: [-8.98660554, 6.98338096, 636.40832272]
  obj_bb: [110, 79, 182, 232]
  obj_id: 9
124:
- cam_R_m2c: [-0.15490435, -0.98736190, -0.03349764, -0.94777648, 0.15809166, -0.27699520, 0.27879068, -0.01115949, -0.96028751]
  cam_t_m2c: [-9.08297577, 6.90100451, 636.50386505]
  obj_bb: [118, 81, 166, 229]
  obj_id: 9
125:
- cam_R_m2c: [-0.06813080, -0.99708247, -0.03443030, -0.95755815, 0.07504027, -0.27830288, 0.28007413, 0.01400802, -0.95987625]
  cam_t_m2c: [-9.27729623, 6.83439237, 636.48683174]
  obj_bb: [126, 83, 149, 226]
  obj_id: 9
126:
- cam_R_m2c: [0.01908311, -0.99921695, -0.03465114, -0.95967285, -0.00858365, -0.28098952, 0.28047151, 0.03861595, -0.95908509]
  cam_t_m2c: [-9.42094193, 6.74883391, 636.47583755]
  obj_bb: [127, 85, 140, 222]
  obj_id: 9
127:
- cam_R_m2c: [0.10594118, -0.99376371, -0.03479277, -0.95459738, -0.09184401, -0.28338883, 0.27842567, 0.06323555, -0.95837355]
  cam_t_m2c: [-9.55845212, 6.61252465, 636.53887274]
  obj_bb: [118, 82, 158, 227]
  obj_id: 9
128:
- cam_R_m2c: [0.19207613, -0.98077291, -0.03451450, -0.94242755, -0.17452814, -0.28525412, 0.27374539, 0.08731788, -0.95782992]
  cam_t_m2c: [-9.66557136, 6.50198443, 636.58638545]
  obj_bb: [109, 80, 175, 230]
  obj_id: 9
129:
- cam_R_m2c: [0.27675805, -0.96033540, -0.03406547, -0.92288235, -0.25575270, -0.28788684, 0.26775562, 0.11111330, -0.95705812]
  cam_t_m2c: [-9.74146143, 6.36238249, 636.64239378]
  obj_bb: [102, 79, 189, 233]
  obj_id: 9
130:
- cam_R_m2c: [0.35943081, -0.93256094, -0.03375758, -0.89666977, -0.33512626, -0.28926473, 0.25844347, 0.13424020, -0.95665343]
  cam_t_m2c: [-9.84947974, 6.25351375, 636.66633180]
  obj_bb: [95, 79, 203, 236]
  obj_id: 9
131:
- cam_R_m2c: [0.43922838, -0.89777363, -0.03288583, -0.86323635, -0.41162777, -0.29220828, 0.24879994, 0.15673404, -0.95578899]
  cam_t_m2c: [-9.92045620, 6.10051063, 636.75270204]
  obj_bb: [90, 78, 215, 239]
  obj_id: 9
132:
- cam_R_m2c: [0.51572331, -0.85616377, -0.03181391, -0.82350171, -0.48512032, -0.29411561, 0.23637698, 0.17788140, -0.95524064]
  cam_t_m2c: [-9.93887995, 5.94139614, 636.73268590]
  obj_bb: [85, 77, 225, 240]
  obj_id: 9
133:
- cam_R_m2c: [0.58842766, -0.80797139, -0.03059189, -0.77755446, -0.55508964, -0.29543836, 0.22172411, 0.19763049, -0.95487193]
  cam_t_m2c: [-9.95641556, 5.80966398, 636.70756931]
  obj_bb: [81, 76, 234, 241]
  obj_id: 9
134:
- cam_R_m2c: [0.65652020, -0.75374368, -0.02918854, -0.72566738, -0.62055752, -0.29717915, 0.20588377, 0.21628545, -0.95437527]
  cam_t_m2c: [-9.96691075, 5.66809179, 636.75959673]
  obj_bb: [78, 78, 240, 238]
  obj_id: 9
135:
- cam_R_m2c: [0.71988027, -0.69353311, -0.02800833, -0.66799658, -0.68128280, -0.29939162, 0.18855657, 0.23423501, -0.95371933]
  cam_t_m2c: [-9.98775437, 5.52155765, 636.82836844]
  obj_bb: [76, 80, 245, 234]
  obj_id: 9
136:
- cam_R_m2c: [0.77764326, -0.62816350, -0.02609839, -0.60544370, -0.73703834, -0.30035381, 0.16943578, 0.24936951, -0.95347040]
  cam_t_m2c: [-9.94015103, 5.37730686, 636.83864886]
  obj_bb: [75, 82, 248, 229]
  obj_id: 9
137:
- cam_R_m2c: [0.82951002, -0.55797649, -0.02399646, -0.53808378, -0.78695116, -0.30194950, 0.14959680, 0.26338211, -0.95302243]
  cam_t_m2c: [-9.89361812, 5.24570633, 636.90725747]
  obj_bb: [75, 85, 249, 222]
  obj_id: 9
138:
- cam_R_m2c: [0.87504239, -0.48353993, -0.02213035, -0.46664292, -0.83055050, -0.30402197, 0.12862586, 0.27635909, -0.95240799]
  cam_t_m2c: [-9.86482021, 5.08550145, 637.09633831]
  obj_bb: [76, 90, 248, 213]
  obj_id: 9
139:
- cam_R_m2c: [0.91389186, -0.40546989, -0.01989663, -0.39180896, -0.86815242, -0.30462552, 0.10624321, 0.28619089, -0.95226439]
  cam_t_m2c: [-9.78831641, 4.95446749, 637.06930890]
  obj_bb: [77, 95, 247, 202]
  obj_id: 9
140:
- cam_R_m2c: [0.94576047, -0.32436278, -0.01807539, -0.31411138, -0.89883655, -0.30565646, 0.08289673, 0.29475486, -0.95197048]
  cam_t_m2c: [-9.76673825, 4.82623600, 637.16988258]
  obj_bb: [79, 100, 242, 190]
  obj_id: 9
141:
- cam_R_m2c: [0.97043981, -0.24083596, -0.01566085, -0.23387784, -0.92241825, -0.30732189, 0.05956818, 0.30189922, -0.95147666]
  cam_t_m2c: [-9.67395836, 4.69900353, 637.32724565]
  obj_bb: [83, 107, 235, 176]
  obj_id: 9
142:
- cam_R_m2c: [0.98774179, -0.15557067, -0.01283196, -0.15191426, -0.93910411, -0.30822837, 0.03590075, 0.30639997, -0.95122596]
  cam_t_m2c: [-9.51937255, 4.58072159, 637.40935293]
  obj_bb: [87, 113, 228, 162]
  obj_id: 9
143:
- cam_R_m2c: [0.99754625, -0.06915726, -0.01094134, -0.06916705, -0.94904553, -0.30745510, 0.01087890, 0.30745734, -0.95149995]
  cam_t_m2c: [-9.47185178, 4.49907799, 637.38318489]
  obj_bb: [90, 122, 220, 145]
  obj_id: 9
144:
- cam_R_m2c: [0.99869467, 0.05105738, 0.00129265, 0.04571396, -0.88231762, -0.46843028, -0.02277625, 0.46787795, -0.88349959]
  cam_t_m2c: [-8.30137064, -4.10895665, 637.98039874]
  obj_bb: [89, 125, 218, 138]
  obj_id: 9
145:
- cam_R_m2c: [0.99046970, 0.13768129, 0.00361293, 0.12326614, -0.87445878, -0.46917728, -0.06143743, 0.46515220, -0.88309613]
  cam_t_m2c: [-8.15344995, -4.21726718, 638.16132970]
  obj_bb: [84, 118, 227, 151]
  obj_id: 9
146:
- cam_R_m2c: [0.97471657, 0.22337083, 0.00581777, 0.19998083, -0.86044290, -0.46866331, -0.09968001, 0.45797682, -0.88335755]
  cam_t_m2c: [-8.05726812, -4.29335301, 638.19663528]
  obj_bb: [81, 111, 234, 163]
  obj_id: 9
147:
- cam_R_m2c: [0.95343926, 0.30148732, 0.00763973, 0.26985571, -0.84154705, -0.46794943, -0.13465178, 0.44822267, -0.88372199]
  cam_t_m2c: [-7.94197388, -4.36601303, 638.18944077]
  obj_bb: [78, 107, 240, 173]
  obj_id: 9
148:
- cam_R_m2c: [0.92115709, 0.38906166, 0.01002659, 0.34848240, -0.81306118, -0.46635824, -0.17329028, 0.43308334, -0.88453886]
  cam_t_m2c: [-7.80651861, -4.41515543, 638.25250415]
  obj_bb: [76, 101, 245, 185]
  obj_id: 9
149:
- cam_R_m2c: [0.88381789, 0.46767347, 0.01210868, 0.41887054, -0.77953178, -0.46570161, -0.20835739, 0.41666768, -0.88485960]
  cam_t_m2c: [-7.67699290, -4.46857215, 638.22536950]
  obj_bb: [75, 96, 248, 195]
  obj_id: 9
150:
- cam_R_m2c: [0.83955098, 0.54311251, 0.01350880, 0.48638922, -0.74032419, -0.46405371, -0.24203191, 0.39616732, -0.88570406]
  cam_t_m2c: [-7.57285888, -4.51742281, 638.23846584]
  obj_bb: [76, 92, 249, 204]
  obj_id: 9
151:
- cam_R_m2c: [0.78906666, 0.61411458, 0.01536958, 0.55015914, -0.69531797, -0.46244835, -0.27330917, 0.37335806, -0.88651303]
  cam_t_m2c: [-7.42821733, -4.53108120, 638.18819304]
  obj_bb: [77, 89, 248, 211]
  obj_id: 9
152:
- cam_R_m2c: [0.73248366, 0.68057622, 0.01682990, 0.60970482, -0.64480748, -0.46095803, -0.30286528, 0.34790522, -0.88726196]
  cam_t_m2c: [-7.29070611, -4.57538339, 638.14911409]
  obj_bb: [78, 86, 245, 217]
  obj_id: 9
153:
- cam_R_m2c: [0.67034401, 0.74182207, 0.01841798, 0.66459534, -0.58914753, -0.45958585, -0.33007968, 0.32032122, -0.88794272]
  cam_t_m2c: [-7.14970823, -4.55296652, 638.08898151]
  obj_bb: [82, 85, 240, 220]
  obj_id: 9
154:
- cam_R_m2c: [0.60311248, 0.79741160, 0.01976803, 0.71415237, -0.52877007, -0.45868092, -0.35530463, 0.29075346, -0.88838122]
  cam_t_m2c: [-7.00168056, -4.56499912, 638.15680760]
  obj_bb: [86, 84, 233, 224]
  obj_id: 9
155:
- cam_R_m2c: [0.53133499, 0.84690217, 0.02096472, 0.75837107, -0.46447169, -0.45731678, -0.37756546, 0.25888788, -0.88905630]
  cam_t_m2c: [-6.86977486, -4.53216559, 638.06716855]
  obj_bb: [90, 82, 226, 228]
  obj_id: 9
156:
- cam_R_m2c: [0.45542114, 0.89000050, 0.02215176, 0.79692206, -0.39644653, -0.45579145, -0.39687255, 0.22523044, -0.88981065]
  cam_t_m2c: [-6.69881331, -4.51634269, 638.08088724]
  obj_bb: [95, 81, 215, 231]
  obj_id: 9
157:
- cam_R_m2c: [0.37615577, 0.92626590, 0.02318940, 0.82941602, -0.32545921, -0.45403174, -0.41300700, 0.19002020, -0.89068414]
  cam_t_m2c: [-6.58880094, -4.45158257, 638.04889524]
  obj_bb: [101, 80, 204, 233]
  obj_id: 9
158:
- cam_R_m2c: [0.29412406, 0.95545835, 0.02430884, 0.85545457, -0.25182647, -0.45252793, -0.42625031, 0.15389419, -0.89141887]
  cam_t_m2c: [-6.44198609, -4.38573153, 637.99856498]
  obj_bb: [108, 80, 191, 234]
  obj_id: 9
159:
- cam_R_m2c: [0.20942141, 0.97751271, 0.02474365, 0.87509840, -0.17607009, -0.45077954, -0.43628658, 0.11605602, -0.89229192]
  cam_t_m2c: [-6.28984425, -4.35547684, 637.99168175]
  obj_bb: [116, 81, 176, 232]
  obj_id: 9
160:
- cam_R_m2c: [0.12344148, 0.99203203, 0.02517976, 0.88813465, -0.09912280, -0.44876686, -0.44269474, 0.07775960, -0.89329466]
  cam_t_m2c: [-6.21874304, -4.27529114, 637.98000210]
  obj_bb: [123, 83, 160, 230]
  obj_id: 9
161:
- cam_R_m2c: [0.03638326, 0.99901474, 0.02539933, 0.89424404, -0.02120090, -0.44707663, -0.44609753, 0.03897927, -0.89413539]
  cam_t_m2c: [-6.09594294, -4.21709148, 637.90726545]
  obj_bb: [132, 84, 142, 226]
  obj_id: 9
162:
- cam_R_m2c: [-0.04437023, 0.99868794, 0.02556972, 0.89411024, 0.05111542, -0.44492010, -0.44564273, 0.00312100, -0.89520549]
  cam_t_m2c: [-6.02129917, -4.11577612, 637.87865427]
  obj_bb: [124, 83, 146, 228]
  obj_id: 9
163:
- cam_R_m2c: [-0.13770804, 0.99015090, 0.02525763, 0.88624387, 0.13456308, -0.44324285, -0.44227612, -0.03865365, -0.89604568]
  cam_t_m2c: [-5.91153655, -4.03908904, 637.79039255]
  obj_bb: [115, 81, 164, 231]
  obj_id: 9
164:
- cam_R_m2c: [-0.21726781, 0.97579356, 0.02491653, 0.87349436, 0.20575594, -0.44121601, -0.43566269, -0.07409756, -0.89705472]
  cam_t_m2c: [-5.85301539, -3.96397409, 637.72270972]
  obj_bb: [108, 80, 179, 233]
  obj_id: 9
165:
- cam_R_m2c: [-0.30765459, 0.95118694, 0.02434478, 0.85146292, 0.28663943, -0.43914627, -0.42468789, -0.11437678, -0.89808631]
  cam_t_m2c: [-5.75539072, -3.86059986, 637.66304616]
  obj_bb: [100, 80, 195, 234]
  obj_id: 9
166:
- cam_R_m2c: [-0.38950179, 0.92071405, 0.02394469, 0.82444196, 0.36012764, -0.43658164, -0.41059097, -0.15030857, -0.89934563]
  cam_t_m2c: [-5.66390942, -3.75575284, 637.62955234]
  obj_bb: [94, 80, 207, 233]
  obj_id: 9
167:
- cam_R_m2c: [-0.46838176, 0.88322654, 0.02300369, 0.79067748, 0.43063633, -0.43517931, -0.39426807, -0.18564123, -0.90005009]
  cam_t_m2c: [-5.60846015, -3.63519493, 637.55251183]
  obj_bb: [88, 81, 218, 231]
  obj_id: 9
168:
- cam_R_m2c: [-0.53890061, 0.84208827, 0.02176770, 0.75404855, 0.49375573, -0.43314686, -0.37549576, -0.21700903, -0.90106000]
  cam_t_m2c: [-5.57734440, -3.53445593, 637.52077313]
  obj_bb: [84, 82, 227, 227]
  obj_id: 9
169:
- cam_R_m2c: [-0.61058565, 0.79168583, 0.02047302, 0.70901663, 0.55797916, -0.43122471, -0.35281873, -0.24878444, -0.90201234]
  cam_t_m2c: [-5.54618641, -3.40856679, 637.42439851]
  obj_bb: [80, 82, 236, 226]
  obj_id: 9
170:
- cam_R_m2c: [-0.68195817, 0.73114181, 0.01908106, 0.65472100, 0.62189062, -0.42964361, -0.32599697, -0.28050608, -0.90279711]
  cam_t_m2c: [-5.48234984, -3.28139083, 637.34053122]
  obj_bb: [77, 84, 243, 223]
  obj_id: 9
171:
- cam_R_m2c: [-0.73943020, 0.67300434, 0.01755890, 0.60263162, 0.67328907, -0.42838813, -0.30012899, -0.30618186, -0.90342416]
  cam_t_m2c: [-5.46908027, -3.13620411, 637.30873641]
  obj_bb: [76, 86, 246, 219]
  obj_id: 9
172:
- cam_R_m2c: [-0.79902013, 0.60109526, 0.01584159, 0.53801438, 0.72643776, -0.42758428, -0.26852667, -0.33312572, -0.90383694]
  cam_t_m2c: [-5.44237239, -3.00932013, 637.31190485]
  obj_bb: [75, 88, 249, 213]
  obj_id: 9
173:
- cam_R_m2c: [-0.84541008, 0.53393672, 0.01390944, 0.47797234, 0.76790729, -0.42645108, -0.23837950, -0.35387787, -0.90440405]
  cam_t_m2c: [-5.46167940, -2.88691536, 637.20018073]
  obj_bb: [75, 91, 250, 206]
  obj_id: 9
174:
- cam_R_m2c: [-0.88885344, 0.45802628, 0.01229317, 0.40974216, 0.80658781, -0.42606139, -0.20506251, -0.37366844, -0.90461132]
  cam_t_m2c: [-5.43952133, -2.74478711, 637.21969721]
  obj_bb: [76, 96, 249, 197]
  obj_id: 9
175:
- cam_R_m2c: [-0.92550001, 0.37860734, 0.01027305, 0.33867998, 0.83943064, -0.42503098, -0.16954369, -0.38988755, -0.90512022]
  cam_t_m2c: [-5.48608543, -2.59607945, 637.22820945]
  obj_bb: [78, 101, 245, 187]
  obj_id: 9
176:
